20620892.488 9620599829.51
170427102.809 5841396317.2
31199238.4077 3710723024.23
54645460.0172 2504259779.15
31472287.8521 1897091644.38
63125375.9301 1480265031.82
60064341.719 1580697191.6
36618271.5086 1411947076.82
59347148.0075 1402898281.79
57826627.4568 1323409326.96
35750287.8051 1348889931.94
20024577.1716 1331567594.01
16539865.1929 1422124785.87
29240398.9912 1250194446.2
17632337.6556 1470623875.08
20584761.3681 1336623624.5
40415935.9778 1372109876.27
32388316.655 1298708325.98
20422132.5349 1357679370.27
14100339.6766 1346789851.42
15894397.5775 1296820959.83
14473232.4605 1329560653.02
14023492.3239 912283439.688
15260684.8781 279862284.694
15335384.7792 194448436.017
15840482.4453 135674889.205
14771891.682 126421724.678
14406222.6205 112090139.305
14897662.1308 108326482.804
14640240.6945 121924421.98
14795569.4699 114638779.832
15234128.2684 90056793.1698
15142090.7688 85690192.1021
14637440.7884 82501655.073
15029870.0185 83317949.8699
14588497.7597 85659709.1695
15024018.2807 82904717.9217
16829651.3957 77268361.8088
14523867.1672 74733901.7426
14334633.749 89932747.9983
14857549.9524 81229388.6819
14543927.2367 97186337.4718
15234303.023 84828497.9813
15241901.1107 77193659.7901
15318706.5489 93335744.0711
14733761.1705 82648747.376
14833426.549 71902241.5079
14860359.6174 82668297.8528
14452638.2475 65267473.9334
14506091.4855 79769621.7752
14506796.4471 79355189.9563
14774887.5106 69568811.6316
14628511.1741 91701176.5407
14769791.6857 72011298.5464
15178883.8989 65043596.3372
14387327.7178 86494294.0721
14757329.2214 64162246.8087
14739710.0161 88545266.4912
15042005.6943 82309662.8703
14909473.7299 87441483.95
15024764.5473 77162082.4148
14965009.412 80989846.2112
14857048.1676 87436988.8588
14346307.4268 82401479.386
16504760.8615 77493419.3263
14699983.312 70289961.962
14568541.1653 73723324.302
14344674.0481 76888293.5265
14536111.6477 81631742.6547
14394488.4076 86443616.092
14571336.0216 99451195.4982
14539333.5865 82538428.4247
15440648.6702 84734057.0994
14726367.6161 72177654.2659
14903105.5697 75957966.95
14835897.5042 80454813.8782
14649155.1858 75581310.0732
14562258.4373 83318018.241
14523185.6713 69078134.2424
14620262.5645 74016915.0502
14708003.4273 83505055.4716
14749402.5735 84584762.421
14835416.1788 82293938.0188
14498784.8582 75755740.747
14164926.3727 87858173.933
14787022.0524 86111566.7303
15213198.0527 77570898.0531
15020927.3956 76807336.2713
14821656.1157 96434314.7925
14773301.4847 92935015.3179
15809586.4262 69393619.5593
14785004.6443 79001584.8155
14732054.1964 78060381.0273
14698059.5194 86968306.2849
14717749.118 100197677.523
14824537.1858 83681984.6168
14448130.3592 92674432.154
14307904.0872 100177732.867
14405935.3848 95899396.9206
15004103.2178 80490517.9444
