0.0 711554799.097
9.88131291682e-324 1240181983.93
3.95252516673e-322 1722261462.35
117646040.002 1512321359.95
72235386.1312 1466066259.45
70985224.4738 1534136579.57
70985224.4738 1593302419.73
90066687.2981 1450598867.45
38489701.482 1366472169.88
38489701.482 1360836314.06
31801471.4642 1300163596.08
31801471.4642 1205731565.44
31801471.4642 1284506082.33
31801471.4642 1313493638.45
45531655.4157 1383771581.32
40753706.2605 1242290426.09
40753706.2605 1355096452.24
33416887.0359 1274639806.75
33416887.0359 1313828935.1
33416887.0359 1275028925.27
58780311.8431 1329579471.83
58780311.8431 1290358568.57
58780311.8431 1253247490.28
72369265.6213 1250826696.53
72369265.6213 1293744930.97
72369265.6213 1267271524.71
93995113.4091 1314236430.09
41239160.4948 1251485969.88
41239160.4948 1253897201.67
41239160.4948 1217628155.0
48043211.1908 1359899997.71
48043211.1908 1512712775.22
58464447.1643 1571754427.99
58464447.1643 1513146007.75
58464447.1643 1352609377.85
38927036.9808 1286156415.16
38927036.9808 1185864784.16
38927036.9808 1139997659.1
38927036.9808 1146048624.6
34478873.1846 1172124957.98
34478873.1846 1057157207.49
34478873.1846 1061001372.68
22842859.1673 1040627666.97
22842859.1673 1035986843.99
22842859.1673 1118841757.58
22842859.1673 1248315432.87
48165024.7776 1253401247.08
35281995.0651 1349495342.48
35281995.0651 1353418054.03
35281995.0651 1294879235.77
81366162.4592 1319629282.91
49042757.4947 1394776111.75
49042757.4947 1457753084.75
49042757.4947 1446835788.9
24564479.8936 1587712009.78
24564479.8936 1579313246.62
24564479.8936 1599872527.45
117984219.894 1590466253.25
60669053.1591 1544026583.36
60669053.1591 1591831450.18
60669053.1591 1444427409.07
65590545.7097 1446195768.12
65590545.7097 1553684531.25
62151169.5088 1721066890.57
40085993.8443 1697761754.68
40085993.8443 1856883854.56
40085993.8443 1788113388.51
42827256.0149 1816097930.84
42827256.0149 1752615713.65
42827256.0149 1624625906.13
68523360.296 1641974042.49
68523360.296 1737167957.97
84702901.0087 1878511733.15
84702901.0087 1841378294.17
84702901.0087 1796086611.15
102924414.491 1841870190.92
68206161.9948 1816143119.74
68206161.9948 1837926547.19
68206161.9948 1929585265.51
68206161.9948 1908390211.95
70861107.6522 1825465634.14
70861107.6522 1650113705.58
39580054.7887 1488532088.06
39580054.7887 1492671468.99
34689247.5742 1481871997.99
34689247.5742 1459484050.07
34689247.5742 1412599054.31
35509469.6411 1400155238.12
24563934.1492 1402225577.25
24563934.1492 1415260567.22
24563934.1492 1318676298.34
43274720.2837 1427190060.51
64734525.0392 1437358334.79
64734525.0392 1611887452.84
64734525.0392 1567038290.62
62110393.5381 1566745472.64
57639360.911 1518084104.22
57639360.911 1493575848.47
57639360.911 1487932292.54
68450604.5646 1482106612.31
