87077345.6037 7532790819.6
18095935.4248 1973505909.67
16525042.1131 1656401845.29
18080316.8162 168648489.038
14803468.3568 128440746.392
15323368.9939 94736021.6014
15757601.4873 94549624.1577
15087475.5192 116182142.931
14955812.381 109572247.235
16182489.0995 104219124.96
15495918.5159 107942381.226
14732093.728 83762191.5902
15314438.502 77359833.1012
14865173.9212 77717904.7149
14543272.6783 73359559.0646
14867655.2183 83994502.9213
14883752.2742 73025695.871
15102338.0755 85527065.6343
15303878.0194 81945727.182
14545302.5542 84289650.4909
16301226.5528 96268968.8875
14921329.5134 108983631.007
14916555.9753 73346180.1825
14674886.4961 80607741.3445
15174773.3403 99411347.4216
14936029.4857 82449353.463
14673759.2389 80848190.329
14581154.6082 83945959.1071
15584506.9631 74455604.6365
14781298.6863 94892864.4788
14756996.8393 100365642.044
15114699.2733 90022830.6304
14843361.3222 117792274.399
15657911.051 89629984.2735
14312696.7882 101073608.533
15144760.7302 96289425.0375
14795955.9743 91070509.4972
16942040.9641 95210905.9653
14910969.12 80232640.8991
15040400.9194 102567068.186
14966510.756 108412305.537
15357157.3094 81893246.1772
14975039.2944 73177624.4208
14911903.7432 90745470.8975
14993168.1475 87719536.5749
14583107.655 100676468.797
14830091.462 85513456.9491
14456847.9833 71558090.6175
16224577.3224 85511908.9333
14529017.3379 93601507.636
14429224.9342 72211926.5457
14569165.0874 67724224.8627
14775594.0237 92678379.7842
14808653.7208 79908459.7884
16427533.6546 68814879.6881
14710352.8258 74714258.1679
14661242.3104 73072499.8194
14274580.3515 94137781.0806
14266316.5445 84339073.2174
15171502.2794 88120742.5348
14252388.9263 88250375.7997
14287931.7431 84014089.9547
14865990.0511 96046939.8949
15535446.2719 94728225.6335
15469918.7036 106678246.845
15393512.7556 100203958.649
14288082.9459 103099691.198
14288130.6066 104797009.013
14287931.7516 84035331.9533
14287930.2352 80902825.9119
14287912.0509 14288082.9463
13971418.7734 14287930.8138
14287266.075 14287932.4047
14287827.6424 67188310.6997
14287895.3651 75560503.4026
14287433.1708 50087639.8425
14287271.782 82051677.3802
14287869.9161 74147458.6726
14203087.0343 79162466.1036
14287869.8954 67539475.0873
14287869.8954 84381417.1938
14277247.2807 96571936.3421
14481351.4193 71840796.4371
15472496.3193 92590836.2409
14450012.4422 78624722.9059
14139200.563 97418476.8464
14851127.0677 97372935.5874
14209606.2319 88419050.7689
14793121.6101 83960776.4762
15921519.6814 105911307.251
14728042.8551 95693176.1129
14990488.6977 83752844.1686
16295700.5523 90885696.6502
14503139.9109 86696850.2078
14478857.1715 78771487.1964
14146940.9233 101010987.395
14995792.4226 107556112.582
14637355.5059 82890220.8534
14517911.5372 76555541.1836
14461989.57 85624839.0278
