20620892.488 9620599829.51
170427102.809 5841396317.2
31199238.4077 3710723024.23
54645460.0172 2504259779.15
31472287.8521 1897091644.38
63125375.9301 1480265031.82
60064341.719 1580697191.6
36618271.5086 1411947076.82
59347148.0075 1402898281.79
57826627.4568 1323409326.96
35750287.8051 1348889931.94
20024577.1716 1331567594.01
16539865.1929 1422124785.87
29240398.9912 1250194446.2
17632337.6556 1470623875.08
20584761.3681 1336623624.5
40415935.9778 1372109876.27
32388316.655 1298708325.98
20422132.5349 1357679370.27
14100339.6766 1346789851.42
15894397.5775 1296820959.83
14473232.4605 1329560653.02
14023492.3239 912283439.688
15260684.8781 279862284.694
15335384.7792 194448436.017
15840482.4453 135674889.205
14771891.682 126421724.678
14406222.6205 112090139.305
14897662.1308 108326482.804
14640240.6945 121924421.98
14795569.4699 114638779.832
15234128.2684 90056793.1698
15142090.7688 85690192.1021
14637440.7884 82501655.073
15029870.0185 83317949.8699
14588497.7597 85659709.1695
15024018.2807 82904717.9217
16829651.3957 77268361.8088
14523867.1672 74733901.7426
14334633.749 89932747.9983
14857549.9524 81229388.6819
14543927.2367 97186337.4718
15234303.023 84828497.9813
15241901.1107 77193659.7901
15318706.5489 93335744.0711
14733761.1705 82648747.376
14833426.549 71902241.5079
14860359.6174 82668297.8528
14452638.2475 65267473.9334
14506091.4855 79769621.7752
14506796.4471 79355189.9563
14774887.5106 69568811.6316
14628511.1741 91701176.5407
14769791.6857 72011298.5464
15178883.8989 65043596.3372
14387327.7178 86494294.0721
14757329.2214 64162246.8087
14739710.0161 88545266.4912
15042005.6943 82309662.8703
14909473.7299 87441483.95
15024764.5473 77162082.4148
14965009.412 80989846.2112
14857048.1676 87436988.8588
14346307.4268 82401479.386
16504760.8615 77493419.3263
14699983.312 70289961.962
14568541.1653 73723324.302
14344674.0481 76888293.5265
14536111.6477 81631742.6547
14394488.4076 86443616.092
14571336.0216 99451195.4982
14539333.5865 82538428.4247
15440648.6702 84734057.0994
14726367.6161 72177654.2659
14903105.5697 75957966.95
14835897.5042 80454813.8782
14649155.1858 75581310.0732
14562258.4373 83318018.241
14523185.6713 69078134.2424
14620262.5645 74016915.0502
14708003.4273 83505055.4716
14749402.5735 84584762.421
14835416.1788 82293938.0188
14498784.8582 75755740.747
14164926.3727 87858173.933
14787022.0524 86111566.7303
15213198.0527 77570898.0531
15020927.3956 76807336.2713
14821656.1157 96434314.7925
14773301.4847 92935015.3179
15809586.4262 69393619.5593
14785004.6443 79001584.8155
14732054.1964 78060381.0273
14698059.5194 86968306.2849
14717749.118 100197677.523
14824537.1858 83681984.6168
14448130.3592 92674432.154
14307904.0872 100177732.867
14405935.3848 95899396.9206
15004103.2178 80490517.9444
26408481.1858 8316964685.75
376703185.697 6042539027.28
260916525.313 3870331144.2
322437764.499 3746195296.97
397954510.523 3007305108.82
213783714.149 1951168391.91
142933429.714 980937719.202
104415361.712 622904253.88
25737143.5197 550311485.665
55748035.8484 515563103.606
109032036.496 457342619.023
46063427.2781 439208343.382
132193193.184 406440859.93
96756501.5936 401151529.599
54341821.1061 410520362.2
24308271.1186 383427773.339
22106951.8384 395804242.109
74882703.4762 386308041.741
21860766.1503 394414930.354
94288038.785 374894520.511
25976183.9997 356039786.984
15323206.6362 377652229.514
72400434.7831 352080756.318
144837641.579 388059567.879
86517452.6173 417207296.321
24622193.1119 387736014.252
54060756.1122 390944924.651
130095083.831 398153853.593
40917733.905 380177589.294
73914580.8691 389358408.869
50643427.8104 408917810.206
54263313.2813 376390025.6
21137123.3276 353820305.33
112535483.985 381792105.246
80441667.8371 356559428.012
86446698.5894 360699669.289
22260935.024 393400610.136
55846223.8504 360237806.865
114343280.118 371368585.037
105547436.635 365726060.041
91368034.8167 359876216.785
69802918.2137 360995942.058
64060949.1739 378504138.002
102944316.699 366929465.749
84030363.0004 421428543.141
54131590.4872 364395775.133
20069538.9692 374428170.898
103127295.667 375644742.152
83046994.7992 371035283.846
67300813.5637 375852862.997
84819498.1135 364875269.888
37951852.8773 399587726.286
63200840.6626 386451876.951
63384006.2682 368514121.506
48471901.4006 387553181.663
96113190.4612 381714926.251
88067347.3399 399978082.165
27133443.1753 388477885.458
77231417.656 377617470.129
48369346.0316 382386396.571
47829041.2609 349151540.21
73260645.4722 384550764.07
54337629.4245 402776270.255
26776708.0372 347797736.297
50648607.9693 364835151.676
67879373.1495 369727525.169
89509061.7702 382204721.135
29112312.1735 350727359.6
26742300.3218 389056189.496
43457250.9704 394563535.844
21657127.5729 371934166.878
109807893.255 412590303.426
59994772.662 403822413.595
120728986.693 373146263.61
95115455.7271 365517892.067
33746156.1297 353724909.808
82039425.5415 390818978.933
51999277.5615 369563134.295
17219229.6981 382950531.656
92040663.0754 370432148.487
21265434.9066 370108503.058
98022858.2479 379137815.923
57272164.7524 379613234.01
72585322.7878 366856137.812
69900326.3621 399683181.624
38238715.523 364627818.605
110351203.893 375814438.626
108243677.76 375004237.671
65824697.6774 396167623.462
50720673.4293 390772943.885
59609423.6393 414165321.224
52198506.8812 404860992.429
35057251.6654 366930076.248
39718110.3763 382505999.195
29197383.1939 348133178.497
36608531.114 366985865.372
93868908.2918 356391160.625
74453654.9305 356622111.767
118741165.414 375428156.399
27610769.6627 349631888.015
127334753.787 195736655711.0
440117104.691 106788353084.0
3735305966.32 75865584750.8
4858144256.59 72722723891.8
1418197349.7 47868523683.1
2706872652.05 39307058034.9
74781406.2052 30407954340.4
1934460725.21 32396937483.5
940158810.229 28166017914.9
135229400.178 29195375997.6
128663447.457 26824837451.3
1106820181.76 26221520825.6
181875002.251 25823997384.5
268464609.316 25342988031.5
287838452.121 26314607068.1
695246578.459 27555418676.3
281216881.106 23411709288.2
89878118.7754 25593943211.8
281424934.025 28936833966.9
30996243.6169 26308657389.8
1707217511.33 28173819332.8
330117544.296 26065809071.8
140689475.767 22377372948.4
492880014.354 25553268138.8
14799340.1925 24802582432.9
181144898.265 24982663322.7
4269907447.49 166953584042.0
4187533463.93 96487997498.6
2421484628.25 91455609483.6
319056268.476 73841335751.2
112527719.136 72058580237.0
884730743.543 72040140113.9
140910791.269 32812539552.5
1314815999.89 31815051443.0
80316820.9717 29174023358.8
1113409039.14 32733719792.7
844583370.816 32346819647.4
1076547870.49 29105589388.6
230663351.438 28128076503.7
979367796.002 28247299401.1
106416183.424 31954592686.9
178243482.575 28099787649.4
102341390.587 32275763375.7
388201526.317 27417826395.5
287036674.622 28834308031.7
1031741047.49 31724119791.6
93638583.5593 30121960264.8
821930720.865 29234300940.1
224084717.736 27831100964.5
205209442.822 27497178214.3
1509339097.24 31914518838.6
193698664.512 30552254540.8
33855019.7575 32676929118.3
515049762.936 32708665358.7
516755558.003 28723501332.0
128264583.723 31078395942.6
130211101.328 31015338930.6
330555661.526 55557886088.0
190283107.117 34913500110.7
474128153.322 34463146706.2
540103495.795 33295668331.8
85790651.2812 34280892912.1
73743944.5863 31362946826.5
158903316.887 27538036156.4
209177971.917 28566582807.1
89682657.8842 28860805429.6
15719811.8062 32014041297.5
42384002.541 24082126298.8
31742057.038 4662629594.97
16259379.5491 3832031090.27
39119703.9281 4634456606.36
29644893.8126 4190012198.74
27754981.0793 2925566753.26
25068475.2264 3328073795.34
15190569.865 3846360892.15
14122386.759 3087795349.29
42057112.954 2184919592.49
15402622.2903 2154203976.85
15116146.2084 2191347374.73
15220859.4915 1980745698.39
104352114.67 3220709106.94
47311672.4746 2033001320.16
59780321.7046 2133523132.85
22334386.5766 1944622112.33
24253265.0962 2608672806.54
15947762.885 2230439423.48
19769076.4069 1813557206.15
37758342.0509 2097965597.48
24580295.3277 2035457298.69
40475215.9121 1852805336.62
20471738.5858 2347967970.84
34684654.0273 2160675059.76
35887559.4372 1744821018.8
24980558.5728 1848498713.17
18897841.9373 1710995286.6
24814830.7108 1494550802.64
15218668.8758 1632957790.62
17717642.8424 1962304271.42
14542679.2097 1667609188.53
19900491.4804 2263213448.5
67235434.2512 2563204403.17
52974673.3818 2423851158.2
38280172.9244 1982249206.63
62975583.1285 2315598522.81
55253866.75 2284574547.27
38438863.2156 1976560336.74
60064822.0115 2095997128.68
15390199.9434 2861805503.76
14854163.9696 2207625430.02
32699648.4013 2179694078.98
61563293.9142 2286066368.07
14657990.7333 2526055943.29
15980890.4131 2245789386.97
20602421.6065 2476657313.31
29337373.7793 2259488241.12
39309583.0099 1890390308.95
24548113.609 1559030944.19
27992877.9928 2178361687.98
14499409.7764 1850732547.49
14860859.2381 1750691411.65
14993735.1582 2243404683.74
14590803.2112 1995130692.8
26933286.8824 1873571856.73
15046967.1648 1503314389.82
14450190.1152 1532060464.32
40303825.706 1871198294.64
16693880983.6 667647177618.0
912015239.513 230474307437.0
4841025973.9 89660774823.9
1259515078.47 100348779256.0
735800668.194 96577402879.0
801880604.87 59775267820.3
358557106.056 11810303456.8
14729930.4983 9597539345.54
76566629.198 9280709743.33
94277004.917 6858461687.22
20182824.5682 6589605174.65
16404113.4438 6857703534.87
45169344.3651 7211437808.29
76957679.9089 6153460215.11
287085201.958 6805329549.66
25008027.5059 6028064502.84
14443434.8202 6623458648.41
27089244.3004 7367427984.06
16731846.1349 6756049946.53
13764745.2751 5748469102.18
47847812.8473 6254952956.64
168786157.158 6037731866.91
14870547.1593 5254295820.33
15694829.9224 5992840536.63
41031848.8156 6353665217.24
192752512.697 6915213746.2
16094163.143 5040537726.42
16346512.3948 4987022468.19
50921678.5529 5441479333.96
180938388.201 5586158372.04
61624366.8847 4586344065.82
33235723.8217 5033009871.28
16116285.5414 4465817182.81
26259297.0722 5993824944.5
77920146.3396 4276927237.47
80499689.371 4024558200.42
15894526.8564 3619335883.63
60827718.3824 4970503134.83
23831424.5047 3287717228.79
79174213.8594 3616011851.81
45623766.5171 3654346579.5
23959016.3588 2943313926.05
29221005.0223 4161362712.28
15538865.9775 4185594887.13
15604680.4395 3871999859.09
96034408.6498 4009335749.53
165664791.628 4151205035.93
16101023.6442 3011238554.15
15874683.6347 3294960865.54
17195323.6886 4163045553.18
64848839.9913 4003809852.77
14139497.8435 3492922357.92
48104801.8185 4031846176.92
16056927.5099 2580952757.77
15036412.875 4112683332.97
84101240.1965 4063031023.94
23299869.5059 4952930805.86
207990829.871 4100255922.25
60285080.806 4028174442.87
184882800.833 5113684881.49
59791028.5743 5174103041.07
15932039.7114 4018224159.95
46409775.9549 3955580101.99
22548341.8034 4750562924.74
122650947.719 3703726401.34
39411107.7018 4546043395.76
50723737.4682 4729656907.08
145395316.064 3019709628.88
33893646.8736 4473829756.63
107786989.395 4278008189.01
133097988.716 4092203183.89
27815762.643 3094538698.87
14988322.3853 3462947001.33
25212876.2576 4452428120.27
44760719.7072 5220522228.59
31613323.0546 3996469945.51
43056544.1657 3360412856.5
17554074.3532 3939718953.93
170318083.775 3237027491.77
176943803.729 3829638025.52
49539579.0105 2779180772.06
31207777.334 3625849071.23
17024923.0378 3475813868.51
42306796.5276 3526434789.46
44434594.4548 2930432150.11
109226582.496 3840478850.42
16497542.4273 3366170304.29
16630097.3528 2930894667.62
98065840.6409 3586326610.61
297525743.459 3784611322.32
16314556.0176 2536195093.72
14246170.7214 3309234595.98
34451296.5581 3146198436.04
16403188.6785 2788002601.51
25773249.1386 3512763992.6
15791378.7376 3761779509.97
27860901.919 2767337018.57
75252759.5464 3628025348.87
24305977.2883 4123451499.22
66475142.9515 3449000463.4
17321116616.9 616430604518.0
7611520747.91 230760578990.0
4729188460.73 169724061060.0
2553270387.92 198104390549.0
782622651.577 170256414887.0
788407967.468 140367497677.0
947876995.227 176719970510.0
119689352.828 125095148690.0
394104617.832 46555482183.4
252838960.618 14008686810.9
18334657.1463 16071397923.4
109009780.337 10632220414.0
113809543.961 8176195830.19
309902032.531 9476342483.3
59066340.1495 7136954417.35
94924743.8526 7096812347.75
299539505.135 10584584100.4
18024241.391 8721860979.44
266861037.562 7264483443.71
16923376.9861 6088666264.58
17154504.0243 6432504840.11
275814432.036 6416143557.87
50213277.3551 7000342296.09
14951442.1156 5394938725.38
179818519.479 7169087006.14
154685591.885 6782411094.31
47193077.2912 6488533876.89
17126137.7056 5253845223.11
16920566.9563 4421083788.28
16975432.9744 4291725714.19
14637534.7132 4602758474.51
16819684.4927 3019788615.52
29515713.6276 3905249631.67
33397472.4435 2090177814.49
17081582.2939 1779329877.53
17417999.0825 2079331847.48
16510080.8291 2610824048.08
15328508.6239 1787877917.27
14933502.2401 2005244897.88
14801636.733 1271165915.94
37730782.202 1239087597.1
16793683.0673 1909452367.86
16861580.5479 1950581994.88
14785261.6736 1731155887.77
16721318.6886 2332290354.12
16668547.8928 2291128628.67
14814124.3223 1283533360.54
16550622.3004 1538285429.57
16680456.2032 1300094037.82
16515672.9697 2518755568.02
16661012.8747 1658789236.13
16545076.5608 1331116492.24
16794005.2046 1471151320.44
14872705.9759 1113597251.6
16512304.838 1664102870.08
18587963.0334 1071338152.46
16718158.1628 1082928429.53
16553927.3486 1244340725.42
17159289.542 1642357471.71
16891709.3929 1110540757.76
16841867.6767 1754556014.45
16909605.5359 1223327887.14
16604983.2144 1177268668.01
16717003.7555 1856299743.0
23708965.8078 1750516093.93
15723605.7054 905791041.295
16356315.316 1040358236.88
28778926.66 1943049939.7
16350419.3073 919998412.536
16514811.2515 1661214134.18
47668805.4421 806982553.788
92142197.6032 685484213.754
16443012.8803 614389554.456
63069090.1004 1097850518.97
14679981.0261 448959567.668
15839035.8868 730787383.851
16755308.8432 842094990.892
17241575.6996 1473020126.95
29546004.401 997020663.875
14876408.1423 1901015802.95
28494086.18 723314253.249
36566930.5712 856617280.671
14799738.4549 820788665.024
16662240.3868 825999670.889
16642400.8144 722130062.58
16927143.7823 911454957.681
14945611.6526 639422508.135
43433964.5412 585797473.647
17651509.0049 866426135.834
30260339.7926 859193426.165
21664472.271 1264489059.37
16626206.2964 779223029.122
35322841.7647 1017057670.37
16261729.6172 705698811.583
16539988.5797 1040026932.3
43662589.7564 776355359.189
51858943.0665 616125925.199
16822654.8483 765831159.536
15046370.3938 836748664.019
27204180.4937 855223447.024
