26408481.1858 8316964685.75
376703185.697 6042539027.28
260916525.313 3870331144.2
322437764.499 3746195296.97
397954510.523 3007305108.82
213783714.149 1951168391.91
142933429.714 980937719.202
104415361.712 622904253.88
25737143.5197 550311485.665
55748035.8484 515563103.606
109032036.496 457342619.023
46063427.2781 439208343.382
132193193.184 406440859.93
96756501.5936 401151529.599
54341821.1061 410520362.2
24308271.1186 383427773.339
22106951.8384 395804242.109
74882703.4762 386308041.741
21860766.1503 394414930.354
94288038.785 374894520.511
25976183.9997 356039786.984
15323206.6362 377652229.514
72400434.7831 352080756.318
144837641.579 388059567.879
86517452.6173 417207296.321
24622193.1119 387736014.252
54060756.1122 390944924.651
130095083.831 398153853.593
40917733.905 380177589.294
73914580.8691 389358408.869
50643427.8104 408917810.206
54263313.2813 376390025.6
21137123.3276 353820305.33
112535483.985 381792105.246
80441667.8371 356559428.012
86446698.5894 360699669.289
22260935.024 393400610.136
55846223.8504 360237806.865
114343280.118 371368585.037
105547436.635 365726060.041
91368034.8167 359876216.785
69802918.2137 360995942.058
64060949.1739 378504138.002
102944316.699 366929465.749
84030363.0004 421428543.141
54131590.4872 364395775.133
20069538.9692 374428170.898
103127295.667 375644742.152
83046994.7992 371035283.846
67300813.5637 375852862.997
84819498.1135 364875269.888
37951852.8773 399587726.286
63200840.6626 386451876.951
63384006.2682 368514121.506
48471901.4006 387553181.663
96113190.4612 381714926.251
88067347.3399 399978082.165
27133443.1753 388477885.458
77231417.656 377617470.129
48369346.0316 382386396.571
47829041.2609 349151540.21
73260645.4722 384550764.07
54337629.4245 402776270.255
26776708.0372 347797736.297
50648607.9693 364835151.676
67879373.1495 369727525.169
89509061.7702 382204721.135
29112312.1735 350727359.6
26742300.3218 389056189.496
43457250.9704 394563535.844
21657127.5729 371934166.878
109807893.255 412590303.426
59994772.662 403822413.595
120728986.693 373146263.61
95115455.7271 365517892.067
33746156.1297 353724909.808
82039425.5415 390818978.933
51999277.5615 369563134.295
17219229.6981 382950531.656
92040663.0754 370432148.487
21265434.9066 370108503.058
98022858.2479 379137815.923
57272164.7524 379613234.01
72585322.7878 366856137.812
69900326.3621 399683181.624
38238715.523 364627818.605
110351203.893 375814438.626
108243677.76 375004237.671
65824697.6774 396167623.462
50720673.4293 390772943.885
59609423.6393 414165321.224
52198506.8812 404860992.429
35057251.6654 366930076.248
39718110.3763 382505999.195
29197383.1939 348133178.497
36608531.114 366985865.372
93868908.2918 356391160.625
74453654.9305 356622111.767
118741165.414 375428156.399
27610769.6627 349631888.015
